324946
326092
326077
325655
326585
321824
321540
324600
323159
325163
323102
322581
323125
327023
322423
322132
322269
323655
321908
323108
321970
324992
329698
325616
326090
324596
322265
323015
321562
324473
325150
328916
325799
325075
329628
325096
322021
323656
327078
329091
327394
321715
327296
322596
324246
327603
328790
325351
324879
322652
324300
324470
326154
325416
324441
327732
327466
328906
322573
325315
324545
323941
327509
328955
322534
323764
322153
327797
323561
326136
322377
326550
321904
323223
328762
321714
327085
326017
321955
323989
322322
326471
326601
324478
326922
321739
323452
323977
326000
326179
327502
323161
327364
321827
322845
326526
324375
321816
326064
323049
324789
324835
323122
322776
325113
326169
325236
325480
322345
325609
322233
327668
321472
321888
324792
325488
322246
321569
324308
325515
323444
326638
326941
325650
326729
325533
321944
326123
324896
326955
321964
325534
326215
326695
327656
325026
323207
325529
326753
322988
325025
325153
324048
328896
322431
325168
327380
321648
322811
323637
325964
322292
326970
321835
323636
321760
322564
327833
327533
325190
324903
326449
322093
326806
322592
321677
322290
322552
325256
321868
327119
322168
321860
322453
323273
325015
327108
327180
327130
323816
327633
323350
326055
324284
325452
321458
324712
321465
328968
321394
323098
326011
322622
325000
323191
323265
322850
326005
323702
325246
324900
323492
325834
323044
326882
325589
324236
327684
323845
323753
324763
324217
329072
324720
325290
321708
327458
322483
325646
321643
321624
322498
325443
323524
323539
324026
326443
322451
325194
326485
322522
326434
323992
324403
325448
325383
323551
325139
323581
326594
323358
324353
323069
322640
323711
328095
323381
326232
325033
322968
324176
324187
321754
322826
321813
322775
323312
326076
327006
323594
324450
323331
323958
324092
327702
323829
322118
322358
322602
326253
321665
326997
325092
321998
323737
327143
323283
323291
326580
322763
326891
324632
323779
324590
324477
324950
321615
324983
323870
327090
326912
324563
329637
324155
324431
323247
322676
322922
324779
325241
325116
326680
324913
322275
324884
325148
321429
325544
325463
322994
325445
322317
322217
324035
325301
324301
326394
326390
327002
324309
321941
321969
326529
326573
326549
326579
323476
323514
323585
326604
322752
326182
324402
325893
325071
327399
327654
321561
329642
321564
325206
328892
321763
324084
323629
322938
326416
327055
325552
325734
322449
323811
325222
325847
322337
321881
327079
322582
323883
322787
322219
321832
321414
325903
321437
323050
325738
325369
322746
326962
325696
322698
326674
322729
322070
326128
324029
323633
324539
324510
324679
322037
324865
326710
326664
327124
323949
324113
324570
327688
323226
326783
323573
322847
323186
327481
323234
326521
324039
325597
325581
326763
325709
325376
325507
325689
325045
324739
323895
323379
324342
327429
322237
321626
325465
323975
324315
324760
327211
323071
325009
326987
326668
327401
322648
323030
327182
323402
321811
326863
325974
321960
321499
326507
323419
325824
321582
327252
326464
326722
327026
321694
322120
324625
323521
323826
323341
325656
323612
325322
323012
323625
325590
321516
328933
325983
326541
322053
327778
323890
321712
322912
324743
324202
326883
323853
324761
321639
324201
323434
327752
323680
325849
324223
328983
322033
325146
327636
327181
326881
325667
321695
324244
326505
326110
326868
325085
327536
321761
326113
323103
321770
324366
321443
321823
325587
325117
323020
323109
324148
328878
324165
325408
325626
323571
326618
323569
326767
324764
324724
322115
324013
322020
322730
326091
327142
324907
323991
323940
326079
321900
326198
325446
321725
323801
322597
324252
322835
322009
326977
326231
325953
322738
327260
323413
326818
326238
324007
323014
322566
326647
322786
327760
323480
322293
325306
327588
321381
327596
322772
324843
322189
324831
321749
325636
322310
324788
325741
322613
322342
322346
322495
328887
325785
323246
327647
323564
323357
325335
327270
322119
325073
325721
322533
328758
324668
324068
323936
323973
327317
321672
323218
322460
326440
325876
324130
325978
323824
322084
322706
326712
326483
322690
327285
321530
321473
324828
328784
324595
324833
325144
325660
322857
324264
322906
324288
322323
326131
325976
323785
321580
322904
326621
323538
327132
324227
321776
326700
321804
326218
322164
326121
323048
322388
326577
327205
326775
322945
326948
327682
326764
326827
325044
326001
323427
322402
322094
326799
321971
321844
327398
323462
324898
323494
321719
324306
322400
327552
326939
324015
323313
324465
327527
323689
324709
328781
329077
324430
327013
321759
326867
325032
321890
322177
322249
327076
321457
321797
321387
321421
323786
321733
325922
323817
325016
323362
321650
321864
326112
321521
323239
324943
325929
324994
327158
327673
326924
324611
326640
327269
324876
323743
324273
324830
324825
321512
327411
327787
327477
327457
325427
323558
325798
323734
324409
328966
327625
323706
327763
327417
321470
325483
321975
326037
323544
323917
321981
323499
327530
324706
323712
323304
327434
322387
323919
327053
326399
325464
322041
325467
327383
323453
326554
327375
326565
325481
323018
325928
323231
327696
324836
324694
326481
323274
322923
323847
324867
327379
323654
323214
324218
324859
322714
322376
324420
323435
325526
325149
327712
327548
324707
324875
327597
322308
324280
325160
328899
326212
323171
328909
323068
327516
325719
325982
322487
325386
323342
322368
323411
323758
322513
324204
327235
323771
325521
326625
323397
323836
323330
322870
325873
322937
325843
322553
326739
325899
326220
325268
322995
327635
327773
324324
324156
325264
324177
325226
325250
327328
325271
322789
324351
322768
322987
324871
325617
323879
326062
324775
322073
324002
326704
324604
324399
323257
327718
325338
326547
324247
323475
324676
326651
323389
326516
324101
322846
326755
326474
325543
329078
326683
325698
326093
324419
325935
325561
326412
326737
328096
329640
324546
325374
324086
329697
323205
326410
322472
326812
322760
321579
326792
325685
325744
325736
326807
325775
322407
326893
325171
322082
324049
324555
323329
326190
323894
322771
326233
321517
323460
327517
323113
323732
323038
325339
325202
322673
322493
324624
326611
325831
323972
321550
324974
327073
323112
321492
325963
322876
322571
324076
325807
325388
324926
321413
327022
322856
326842
324102
322959
323097
327714
321840
324599
323622
327058
325652
323745
321513
324591
327452
326040
326872
323948
324654
324059
321889
322095
323688
323002
322881
327016
322062
327468
326109
321723
325410
327440
325955
326143
326991
323290
328789
326176
327811
321573
326927
326445
322819
325829
326433
327569
321396
327727
321810
326600
327784
321507
326856
326860
322669
321745
321436
323076
325895
321839
321748
326844
324222
321919
323579
325676
327707
327059
323241
321734
322001
327826
324905
323965
324955
327139
321463
326111
326686
326171
324997
323133
322356
322010
322924
325102
326978
323204
324966
327048
323657
322200
326165
322046
323208
324887
324899
326660
325568
323009
324268
325403
324256
324732
325299
322215
325140
322489
325563
325523
322986
323598
322242
324906
325214
321701
323584
325362
323548
325487
321929
323412
321911
322514
322655
323498
326395
325385
327233
325008
326038
321741
322035
322172
327251
329036
326989
326016
323639
324443
327774
325574
322305
326444
324487
327664
323026
325262
324787
322378
327283
325932
326773
325836
325345
327301
326239
327765
326097
322609
326174
324688
327325
329034
327566
327333
327564
324406
322426
327415
323163
324411
324214
326213
322306
327197
326605
327265
322336
323128
326669
322877
324129
322064
324345
324446
325621
325739
324335
325152
325753
326741
322232
325195
325862
326501
322247
324672
324008
326595
325094
321520
324771
322235
322081
324544
325485
322966
326147
324271
325930
326519
321932
327170
326557
323314
326551
327099
323333
323426
324870
327733
322158
323485
323567
323224
326470
325971
321982
327279
325042
322316
325454
323403
324931
321772
323296
325134
323740
327209
322812
324505
323607
321805
326462
323661
321812
327549
323613
328780
325986
327510
321710
321853
326374
322417
327742
323914
322750
322620
327532
325468
321826
325334
322420
326209
323823
321549
322521
321663
324031
321587
321892
327159
322092
325500
322403
325355
322106
323244
323974
326850
326823
324795
326690
324989
325532
324941
322712
327781
326761
326484
324087
321585
323190
325791
324036
321382
323457
326937
327616
325459
323675
321506
321471
324822
324350
325629
325118
327640
322457
321426
323815
325752
321751
325762
327600
321451
323557
326629
327500
327465
327225
327575
323328
327176
322594
324786
327425
326752
323039
327460
322554
327730
326766
324074
322880
322947
327091
322361
324837
325697
326178
323293
326180
327004
326684
323355
327619
322892
323282
324178
323264
322110
324612
327207
327697
326993
323806
324681
325217
324868
324883
327391
324631
324374
324553
323774
323929
323864
321389
321452
321654
323252
323789
326851
324197
321410
323222
322179
323400
321427
328670
329079
324730
321646
322372
321642
327135
327163
324638
331665
329700
322355
327628
322674
324488
322844
321742
329093
324281
325141
325063
321588
324439
325248
324126
325294
325580
324190
325223
326063
327713
324149
323733
326015
325291
327645
325551
325489
324183
323517
326637
325545
327583
325471
323294
326584
326578
325185
322096
324030
326838
322283
326254
327303
324718
325790
327331
324093
321945
326499
325882
321962
326843
322019
325968
322788
327766
327378
323945
327277
324522
322042
329691
326890
327817
322633
326539
326451
322751
322753
325215
322852
324547
323891
326907
324492
322720
321862
328926
325319
325654
323697
325289
321858
322490
325503
322098
325665
323762
325622
326738
322224
321846
325411
326407
323372
328957
327063
328831
323056
327542
324065
324077
323146
326542
326586
325069
324967
322967
328904
326915
326181
324334
323172
325013
322879
325204
326785
322821
325830
326041
322757
322328
325700
326010
323077
322555
325724
325920
328186
325795
322934
324045
321475
324395
323349
325518
325598
322471
325333
325431
327783
325418
323814
325950
323415
326125
331945
323085
328787
326156
325358
322632
323994
322599
327017
328908
321798
329707
324819
326702
324839
322045
322071
325502
326207
322593
322366
323130
326774
325089
322804
322162
323277
322810
324626
321758
322273
322028
321568
325174
321732
325912
328766
321699
325284
327033
327444
321879
323547
325677
325272
322455
322287
325331
325630
322903
323259
326455
325898
323818
324437
322052
325392
325658
323129
323360
325220
327213
327831
327788
321515
323137
323966
327046
325916
323040
323752
324221
327499
324515
325162
326902
327062
325871
324224
326094
326081
324713
322580
322150
329705
323807
324537
324147
323928
324756
326224
325508
325462
321713
327384
325863
323921
326246
325424
322184
323185
327003
321910
321658
321992
322190
325613
323582
324211
323535
326885
329227
323623
325399
323046
323433
327362
322031
324917
322713
323032
326172
322901
329080
322886
321709
324104
323640
322603
324299
324433
325680
327054
323736
326896
322638
324568
326141
324557
323344
322196
328751
323652
323832
323110
323593
328886
323399
321925
325992
321688
327136
326590
327106
323963
326108
323946
326078
325848
325838
326468
327304
322813
327310
323790
327332
321765
321952
321787
326727
323132
324254
322000
324633
324305
326159
322043
324296
323281
326502
326561
322244
322229
321918
323425
329627
326672
324834
323566
327711
321453
327557
321914
327229
321867
324891
327801
327810
328949
321961
325566
324542
324062
325050
326242
327524
323364
325560
325046
323373
321393
323211
326946
326940
322761
321803
323748
327513
322324
326794
322077
324318
321784
326788
322499
323610
321942
321841
321991
321534
325143
327153
324566
323693
327107
327827
327227
323670
325911
326012
321627
326130
323691
327338
324479
321518
321497
324069
323143
322370
322579
322109
325382
325720
326736
323297
323127
323167
327690
326801
323170
326138
323209
325090
322415
323484
325074
325635
324344
324820
324314
324821
326936
322424
323029
324647
322975
325787
324191
324615
323528
324949
325754
321538
321618
324192
327528
325196
326697
324722
324769
327183
323414
324404
327039
327812
321620
321669
327741
324391
324708
327796
327731
324416
327554
324027
323983
326506
327674
326226
323715
327174
327196
326919
324171
327215
324367
328928
321755
323820
323003
324454
324866
323335
323852
327671
327716
321791
323272
324179
327462
325353
323570
321636
325839
325036
323898
325973
323152
322157
327189
327414
326994
327504
322054
323611
323619
325642
325119
323236
321556
327432
323979
327832
324584
325135
324412
324016
325219
324231
323019
322717
324213
322745
321542
324157
325395
322866
327070
327653
324225
324489
327623
325142
329060
323501
325297
327618
327428
325128
327573
325169
325522
323237
327729
323409
327602
325253
324166
321431
325695
325758
326388
325470
322367
325816
325461
322950
324685
321764
324152
328834
326536
326488
326576
324033
326538
326134
325052
326396
326831
325520
323805
326085
323033
322481
326107
324783
327790
324500
326014
327112
326476
326205
326945
322782
323875
324081
324549
325918
327352
325664
323859
322382
325701
327630
328891
321775
325726
325673
325690
328788
328752
327258
323886
321808
321397
321777
325908
321859
328967
322307
326216
326979
322736
325603
322176
321837
322774
326139
323653
321872
321442
326188
329687
324639
323089
322039
322532
323981
323474
327087
322075
322725
322664
325414
325800
323602
326707
324088
325079
322861
325733
321391
327171
326786
323374
321697
326403
324040
323067
327282
327412
326735
323131
323911
325490
324742
327365
324046
324734
326990
329703
325498
324243
324003
325029
323043
329145
323243
323064
321544
324690
323750
323830
326042
325524
326048
322642
327799
325531
325035
326876
325901
322486
321737
322146
323151
324823
322438
323787
323303
321706
322329
327005
327680
324853
324961
324649
321793
328975
325966
323543
325346
323316
326622
323542
327320
323681
323309
324405
323878
324235
321551
322065
326884
327479
322416
327223
326840
323683
327743
322546
325103
322645
325857
326864
322032
321718
324359
325612
321948
325188
324428
323489
326430
328839
321987
324829
323923
323493
323107
325772
321977
323114
321937
325437
323925
322187
327445
326386
325347
326080
326075
324272
323996
327436
326749
322677
322733
322018
327615
327402
327508
329081
323115
321685
325340
322630
325420
322832
322621
327409
324503
323643
326822
327666
324802
324578
322279
324459
326992
325745
322151
322781
326671
322338
323073
327565
328835
325504
324080
323590
325304
324793
321440
324855
323922
328932
325466
322383
327793
323298
326659
324028
321433
324826
323391
325846
326124
324543
323931
322295
324042
324629
323947
325161
324131
325068
326475
325615
322076
326731
322558
324279
328749
324608
323837
321476
321533
324248
324255
326666
324565
323424
327598
324472
324180
324805
323882
323483
326723
324848
327031
326701
322240
324240
322286
325592
322608
322017
326149
326129
322149
323703
327122
329696
326745
323153
326039
326826
326447
327357
327759
322389
322074
323645
323608
322434
324939
324089
321498
326954
322408
326966
327202
326711
329067
324332
326820
322090
326803
327340
324009
328761
327148
323839
324925
326809
326748
326871
324536
326756
326478
327522
326724
327315
321851
324066
321897
322170
326587
324558
323365
327531
327012
326568
327806
324107
323375
324916
325602
322572
327551
327060
323686
321490
322682
321412
327559
323235
326894
324758
323735
323884
328976
321662
321553
323363
323461
326920
324637
327114
327185
321957
323592
327145
324103
326877
323568
327689
323278
325933
322160
324993
321539
324603
323780
322666
321724
324053
324648
325728
322008
327488
327496
327426
327501
324620
324651
322112
325991
323271
323583
325435
324770
325047
326965
323765
324671
327066
326392
324719
322942
322925
327473
326490
324782
323212
327040
322441
323861
326846
322525
327670
325180
322631
323439
325018
321728
324877
324888
325019
324283
322126
321532
322430
325558
324041
326240
327637
324396
325320
322454
327594
325312
325499
323169
325782
322965
326626
326522
325251
327808
323449
327241
327121
323385
325688
322685
325897
325120
322448
322694
323200
326607
326670
324184
327137
326544
326862
322871
325155
324124
325104
322794
323707
322360
327025
323353
325296
325213
324313
322953
325965
327691
325265
325537
324746
323663
322773
322949
325260
323021
325178
325051
324277
327757
323659
322815
328934
324897
322395
326771
324394
324160
324700
323504
327339
326500
323258
322749
323506
323229
326634
323999
324892
321976
323527
323591
325894
324020
325381
321716
326452
327629
322479
325904
326384
322855
325192
322828
324449
322969
325722
326472
322628
326385
322678
324497
325774
326408
322780
324047
322933
323700
325093
326227
324894
322739
321514
325302
322222
322254
325303
328783
322285
327082
326096
322756
321388
322288
321560
324408
326656
322999
325827
326187
322531
322371
324998
322125
326250
325902
326639
324878
326482
324640
322889
326533
323642
325409
322384
325826
327120
327072
325012
327256
329630
325874
325881
322838
325083
325088
328965
325729
326998
321491
324249
325601
327368
326859
324303
326901
324932
325127
321441
324945
326908
323055
325193
327590
325224
322056
326566
323954
327104
326567
324004
327439
323000
324752
326199
327450
326932
322099
324800
325944
326002
323421
322955
323722
321828
321671
323345
326441
324740
323070
321985
327036
322716
327204
326467
324930
327372
328905
323300
327234
321943
326429
328924
322091
321788
326762
323023
325946
323609
323720
323876
327351
323615
325947
321988
325937
327611
321399
322834
326061
321439
322195
324564
323984
325540
322231
326740
323401
327644
326066
324199
322875
328982
323262
324384
326202
325352
323881
326689
326981
327470
323943
327080
321903
325413
321392
321949
324991
326492
325649
323626
322412
322191
323047
325872
322210
321993
324115
323572
325230
323903
323368
326068
325997
327281
323738
323392
325361
323486
322803
322910
323142
327018
324432
324682
324185
329632
323384
325714
321865
322569
323016
327111
322294
327672
322267
326513
324791
322657
325891
325985
323695
326836
322895
323854
325323
322410
322601
324695
327715
322494
327627
323437
324535
324212
325356
327487
324846
324241
323261
325285
325593
327300
325007
322296
323646
327308
323301
322644
324195
327288
326652
322340
325402
326219
324193
325576
324678
323739
325614
324140
323717
323666
322854
322101
323479
322256
325883
326118
324729
327721
326973
322817
323710
321675
321511
326714
321785
326503
321773
324597
322353
324245
327761
323658
323718
326132
321649
323822
325066
325457
324163
322762
327160
321524
326793
324701
321830
327735
323336
323420
327736
322715
323280
322671
329035
321462
327347
327056
325917
324413
326921
322159
325591
321736
322199
326837
325811
323075
328775
327545
326032
326819
321641
327254
327547
323395
323980
321690
327133
325430
321638
322270
327686
324886
324861
325637
321541
326703
322111
324704
322617
322055
325039
326162
327164
321552
324959
327237
321666
325375
324078
322696
325708
321456
322956
325600
322263
321411
325793
321454
321531
327648
323066
321474
325270
325786
324445
327638
321430
325255
324037
325713
323821
325442
324607
321958
325006
325235
326120
323560
327491
327316
327476
324079
327336
325239
328930
326073
323326
321586
327418
323804
323305
327419
322874
322976
325342
327363
324593
326381
324127
323352
326713
322524
327405
325840
327043
322128
324125
322989
327681
323910
325360
326208
322527
326175
323865
325011
322528
323855
321874
325634
324928
324552
324935
329695
327433
322406
325167
322401
325243
325960
322072
327218
323530
323036
325567
324784
325750
323432
321726
325065
322701
327518
322374
323228
326589
324000
325495
322659
327822
323158
327266
327193
326608
325308
324467
326676
326613
324753
322461
327493
322849
322445
322173
325225
326436
324929
327422
327768
325493
329704
323800
325640
325057
324266
322864
325175
329710
327020
323007
324442
324947
323620
323537
323597
327728
326495
321870
323438
322790
323310
325458
323606
328973
322916
321575
325417
323916
321924
323338
324109
322030
326653
324781
325879
324205
322765
326251
324691
323906
326409
326558
326417
324551
325156
327349
323696
326878
326375
327008
325183
326897
327662
322298
326911
324490
324457
325666
326787
323904
324338
321631
327610
326888
325956
325678
321574
327065
324776
325440
323857
323495
327578
322699
325765
325756
325732
321752
322284
324767
326648
327319
327299
322926
324622
323174
327050
324585
326641
324572
327222
326186
324050
327537
322818
326900
328877
326531
323123
326726
323284
325808
322998
324312
322704
327105
323990
325794
326797
325905
326960
324175
323082
326563
324741
326781
327563
324267
325577
325541
324144
326570
326060
323455
326045
321746
325746
325866
325860
326795
323986
323964
324728
327587
329641
322234
323944
323905
328755
323382
329689
323682
324817
324621
326817
327758
328903
328937
322737
322444
323630
322501
325886
326789
326515
321664
323430
326167
325107
324116
324052
321509
325943
327024
328756
325176
321398
325996
327512
321730
321696
324434
321438
321939
325679
326624
321477
323531
326759
321959
321405
323299
321721
327828
324018
323967
327167
326654
323134
323139
327242
327395
324587
326435
322909
325694
323141
323017
323749
327041
324514
326379
324655
323678
321854
324121
325949
322230
321469
324073
327247
325853
327028
325841
326845
322213
325326
327643
322034
324757
325349
327353
321951
324845
323096
327745
321995
321689
327607
325789
325527
321907
324956
326069
321905
326095
324938
327529
323194
321878
325575
326646
324646
326833
327805
321895
325530
326688
322425
329635
324274
326552
326615
322670
322684
327791
324333
324456
322675
324469
325643
323034
325336
326193
321855
326931
328915
325317
325309
326861
327259
327001
324550
322380
323478
325952
322570
325368
324524
328958
323885
328960
321792
327219
326084
326104
323565
327240
324358
322840
327574
322319
327498
326657
326873
326477
321885
321503
326157
322181
321836
325108
327459
324669
326725
323197
326959
325182
322936
325022
322882
326743
325623
327262
322207
322619
322841
325203
323117
326255
325492
325998
325506
327692
326953
322309
321692
323339
324847
321778
326523
322755
325989
323083
323240
327685
324571
327555
322315
326067
325048
321857
326151
321616
325020
321800
327210
323634
322156
323249
327744
324736
321522
327782
324731
321767
324329
323755
323798
321779
322088
326420
323136
326206
322331
328888
321684
321495
328898
323394
326103
325229
325915
322428
322396
327118
321660
325975
327661
327175
326456
323563
324294
327523
324532
323671
327342
324525
327064
327302
324692
327330
322672
327309
324141
327337
323245
322537
323487
327095
323687
327201
326163
323500
324923
324990
325804
323968
324715
325747
326886
325657
327116
323383
323644
323997
327705
323858
329070
324181
321448
321401
325761
325751
327474
325674
323072
324025
325517
323555
323617
324954
326177
324397
326046
324167
324349
323586
326122
326598
323550
323408
328794
327739
321545
327451
324230
324337
327161
322702
324699
322658
323327
324754
321833
323215
325038
321782
323797
323321
322325
326383
322456
322980
322194
321818
322500
322473
327813
322469
322567
323148
326437
327700
324417
322526
326524
324447
326438
323834
327746
326247
326428
323746
325906
327703
322556
327717
327021
323778
326825
322026
325940
321965
324863
322890
326952
325436
327424
326512
327829
323380
322492
326105
322103
322767
326627
327190
324382
324953
322485
324909
327407
323256
324393
327131
324937
326636
322422
325125
325394
325216
324444
323507
324466
324634
325136
324581
322963
325475
324250
323672
325441
325788
324968
327749
323509
327622
325779
323511
325433
327032
324448
324304
321912
327641
321994
327581
325310
327068
323477
327562
324827
325723
327538
326635
323523
323802
322796
323595
322997
321478
326419
321909
324893
324696
321407
322809
325058
326426
323533
323340
323260
326905
323269
322728
327350
326556
322727
322344
322941
326858
324554
326248
324475
323844
322898
329073
324463
325233
325157
324038
325802
324533
323701
322578
324111
325766
325579
325735
321447
327665
324458
322867
325357
324592
326974
327075
322869
325711
325605
323431
324577
329643
326086
326934
325401
326525
323238
323232
326663
324574
321576
327086
325456
328830
323982
323927
322239
324750
324331
322314
328923
322649
327442
324310
323126
321698
324762
323580
327385
326980
323135
323508
325221
325273
322816
325990
323370
322973
327150
329702
322743
323177
326496
322759
322057
323454
322647
324001
327307
329153
325792
325010
322467
322148
323851
327377
323037
323635
328792
325316
323988
322007
325111
325715
326173
325995
323618
325859
321893
325951
326377
328836
325887
323942
321882
321727
323842
325638
323443
327236
321386
323388
324341
324207
328963
323087
323276
327341
325707
328981
323589
326204
326424
327546
324234
327492
324289
324075
325109
321886
324203
325582
327830
324194
322166
327792
325865
329076
325147
322016
323140
323149
327430
323961
325207
324023
322900
327007
324164
322831
323955
323803
323497
322911
321980
326800
325661
322779
326750
321899
326083
327722
326008
324960
328786
321972
324392
325705
326935
327140
322278
325536
326782
325556
326197
323028
323165
324276
326969
325324
322665
323410
322185
322740
327358
327268
324061
322405
326972
325372
323080
322970
325283
322641
325725
322152
326857
322339
323221
323871
322629
321743
322203
322598
325948
322707
328953
326373
326217
321528
321729
324311
327591
327576
321535
324873
328750
326632
324803
323578
324158
328962
327194
323714
324136
326116
326730
327045
325344
325311
323320
327271
326460
323869
322791
325100
327289
326692
323022
321789
324418
321756
324291
326102
322865
324369
324290
324043
326760
324601
324627
322089
321651
322462
326769
325130
322853
325091
325080
325855
324261
322327
321487
322915
323429
326983
323536
322899
324910
326225
324096
322650
328935
323699
325004
324153
325757
327687
324799
324687
324766
324482
324263
327246
321455
323052
324561
322211
322015
325043
321887
322604
321863
323490
323685
321449
323788
324936
327125
321657
323306
323359
324229
323145
322827
322302
321717
322047
329074
321780
322277
321402
321790
322778
322221
321460
324534
326865
323667
321434
327157
322427
322312
326196
325999
321652
327034
324556
321625
322433
326553
324501
322419
327514
327553
322681
324347
322662
322280
323664
327794
322349
327646
323796
324901
322362
323156
322266
325269
321806
325279
326716
326645
327115
324381
321983
326933
324346
327123
324325
327146
327585
327764
321795
323926
327427
322137
327471
323868
326909
322341
325869
323549
327067
328961
325877
326245
327704
322917
322002
323909
324985
327381
323090
321966
323912
327081
323418
325672
325030
327494
323369
327373
325040
325821
323406
327441
323719
325450
327484
328972
322643
327420
324705
323324
321820
323428
324642
324858
327199
323648
327217
328890
326400
324206
322086
326168
324006
324022
326411
326527
325172
322333
326425
327675
325391
322488
322927
321525
326249
322373
327019
322369
327212
325245
322848
326583
326528
325511
323812
323199
322721
327134
321956
326082
321416
327779
322466
325261
322964
324188
324239
324343
326564
322993
327495
325237
323698
321502
324169
325121
325325
325548
327129
323662
330168
327693
327404
322868
325137
325844
325611
326718
325828
322560
327092
325892
327543
323985
322105
323935
323908
327755
323952
329693
321408
324797
322435
323095
327030
327535
326486
324958
326746
326798
324278
327346
324796
324357
324785
323529
325494
325486
327541
323407
323545
326813
321559
326765
324143
326510
326778
326457
321901
326719
322960
324872
328980
324508
324697
325449
325472
325379
324484
322343
325343
324090
326405
321623
326439
324091
326142
324683
326591
324063
327631
326895
327077
321566
325767
321479
321554
329634
327497
322884
321747
325166
325927
324064
322940
322113
321406
325200
325645
326879
322605
324427
322404
322719
324881
322365
322705
324674
324186
327083
323751
326161
323899
324995
326642
322006
324440
322982
323690
321847
323220
325380
322928
325084
325797
322025
324132
329075
324606
324641
323616
327456
321838
325809
324616
325627
325106
323104
324056
326869
324623
322637
323604
322097
327035
326982
324630
322100
322888
323051
324142
326805
327604
325293
321673
325608
326192
326751
327824
321508
321923
326006
322059
322014
323035
323510
324751
321856
327815
323516
326958
323587
323960
324723
328940
323268
328936
327348
321933
322108
323874
323766
326839
325970
321592
321467
321989
328241
325909
328838
321488
322003
325768
326088
325706
324987
328785
328746
325318
323092
322354
322907
324957
322202
322188
327620
327360
325017
322885
324220
324711
323154
325341
325407
323187
324105
321940
324864
327400
321384
325641
321979
327224
323934
325833
325208
326376
324327
328951
325737
324328
321996
322545
325926
323058
325187
324650
323647
327294
324108
323546
323013
322311
323575
324922
325554
322616
323889
325082
326616
323059
325565
321702
325559
327261
327772
325512
327396
327809
324460
327408
325363
322205
323417
322223
322777
326469
322807
321821
322585
322442
325254
325900
327192
326397
328927
322992
322130
322391
322839
321735
325337
323856
321572
326031
327275
323850
327710
323441
326834
324480
325818
327683
325958
323078
324850
324880
325595
324540
322027
327255
327298
328964
321653
323094
322228
327287
326658
326099
326612
324361
324818
325282
325482
323121
322218
327313
327335
323649
321691
324919
324921
324233
323519
327480
322214
324200
327168
325585
323198
324319
324511
325114
325777
323166
324323
325131
326537
326569
323233
325842
325740
322935
324340
326235
325191
327117
324461
324774
324573
321774
322143
326148
321817
325373
323011
324282
321676
323307
323315
324270
326733
326494
326744
327754
324841
323275
323004
327762
322744
323660
323621
322948
326821
323006
323446
325031
324468
321630
323227
323773
326413
326453
322116
327151
322710
323554
323031
322048
326655
327592
327586
326463
324643
323253
327344
323641
321796
328745
327376
326033
322625
323907
323605
327694
324452
325941
325426
326828
326951
325639
321659
327614
322114
323987
326779
323953
327613
321400
325742
327609
321417
326480
324716
326696
327579
324356
327323
324738
327312
324117
324389
324594
326677
324598
325242
322264
324339
324083
327186
321489
325814
323951
322351
325158
323767
325801
321938
323525
327126
325434
321984
324619
324326
322029
326784
326975
321967
326791
324424
327771
324376
322703
323325
324352
322087
326166
325687
324097
321468
326194
323515
323319
326382
323302
326691
322548
327248
322167
322983
323267
324610
324170
327679
322561
322393
327110
323769
321875
327387
325404
324560
327009
323843
324780
323976
323897
329694
322436
326487
324673
323713
326461
321446
326849
324927
327200
325244
325123
321461
322824
322268
326620
322679
325564
322452
324422
326581
327390
326593
324019
326685
324196
322443
322799
323164
322464
325105
323348
324527
327802
324777
325287
323932
327435
331619
324162
325837
325389
327423
321917
326855
327448
326996
324684
324915
324984
324988
325474
329706
321898
322562
329638
323201
325034
325890
324924
322808
325198
325478
322961
327443
323481
325825
322954
324602
324317
322918
325988
322595
326030
321922
325451
322680
324122
323308
321849
322820
325570
324517
322724
326904
325596
327292
326530
327734
327088
323416
326889
322800
326223
326427
322335
327663
322693
323289
324275
326903
323679
322276
325684
325419
321634
322241
325858
325675
325980
325896
327165
327593
326816
322691
325199
323888
323825
327534
322281
326661
322896
325763
325278
325210
325295
324737
326183
326928
324238
325628
326918
324371
323772
325177
325692
322124
326391
321565
324219
328832
324070
323638
327740
326650
325868
323447
323601
323124
323147
328769
325583
325806
322905
322931
322385
326241
328893
325099
323599
326535
325910
324150
324024
327770
322058
326606
326007
325573
326056
326126
326985
322102
326034
322624
324145
322663
325028
325607
324014
326747
327748
327667
323045
326780
323118
321584
325987
323933
322049
323877
322480
321687
324726
325632
325086
326087
323322
327649
327238
325870
322121
323387
328757
323248
324583
327343
327572
327069
325938
328778
324476
328816
322568
327029
326498
323577
323833
322418
328897
326234
322547
322539
324429
327560
325064
324118
322409
322397
321459
326614
325957
327657
322711
328763
324262
324005
327093
327814
325760
321557
327128
321581
321496
323491
324618
321700
327556
325651
322611
323754
326432
325247
325165
322363
322193
322129
327463
324182
323057
323105
324530
323768
327388
324747
326841
322004
326446
325959
323924
324516
327392
327011
327393
321978
324653
325348
324874
324677
321997
325077
327273
329631
326072
324918
324908
325350
329090
323063
327286
325671
326098
323356
321678
327447
324209
327061
325005
325525
325429
326043
324857
323442
327228
324962
326596
323193
327162
324330
325693
322734
323827
328978
324011
323794
322577
324133
327485
322450
326906
327102
326201
326404
326848
322484
322470
323651
326431
323173
325962
323559
325328
322535
327138
324509
324702
327284
323512
327074
327027
323920
324689
324521
326631
324952
327505
326101
326140
326835
325888
326619
327570
321809
322182
322919
326694
323178
322795
323285
322178
324320
325631
322123
321866
324286
322837
326532
322908
324940
324963
321390
325861
325880
326237
327042
325397
326971
321622
321674
326824
322320
327290
323995
326493
324885
321781
326811
321647
326070
322958
328956
326968
325041
327166
323371
323343
321537
327520
325783
324911
322688
322700
325979
323334
323242
323459
322764
325743
329639
321831
327507
326633
323279
324801
321894
324322
325014
326832
322040
321546
327737
324072
324010
327726
328894
321621
321757
323668
325218
323849
327173
325610
321825
327184
326758
321435
321655
323138
326649
327416
322627
321385
321483
327389
323398
325240
327263
327314
327311
327154
327322
322411
325562
322862
327521
325686
323893
326665
327708
329724
322364
325620
323674
324693
323676
328895
325081
321383
325132
324832
324017
325159
323860
327651
321450
323541
324082
324613
323520
323099
327621
327038
323957
322350
324609
324717
324173
325129
327606
325421
325179
327584
324423
324390
324507
324383
322413
324362
325584
326560
325817
326571
327720
326517
323091
327798
326582
326617
323323
326479
323366
323347
327678
327245
327795
322192
322576
326150
327232
327804
327454
324714
322550
324869
324453
326491
321799
323835
322563
326497
328925
322131
328840
327014
323763
324095
327172
326185
321869
324499
324486
323810
326458
324518
326465
324523
325428
326829
322930
326518
329699
325803
328768
323863
323088
324139
322024
326754
324586
326942
325124
328760
325101
326114
322491
323959
324012
323162
322747
326678
323880
323251
326790
325234
325647
324054
325477
327544
325154
323505
326504
325606
325197
324999
321902
325398
326957
324119
325469
325453
323502
326796
327382
323062
325205
325528
326929
329708
326100
321481
325288
325496
321768
324386
324377
326914
325519
326874
326422
321786
322692
322822
323286
323025
326389
322991
326146
325501
322806
321570
323287
325699
322204
326393
327101
325364
323783
323217
325037
322697
322198
322914
322726
325889
325769
325703
328791
325819
322932
323819
326976
322332
326244
324636
326170
324588
326999
326211
327699
325913
322859
326852
324110
326229
323900
327257
321415
324541
322536
325002
324582
327208
327049
325856
322723
323534
325730
322468
322683
325384
328974
326917
326706
327550
325594
322238
326184
321720
324321
321547
321693
321906
327406
322260
327369
322653
328829
326984
323950
322939
325832
323574
324744
322887
322897
323503
325258
325049
324768
325954
325994
327276
321705
322654
322304
325209
322797
325267
321950
326071
322741
326106
322984
327786
321680
323838
322386
323998
322050
323526
321801
325852
326210
325691
321896
327709
321822
324851
326562
326402
321555
325126
328753
321861
322005
325313
321670
321480
325934
321418
321711
322212
324401
327239
325663
328984
322066
327632
324388
322626
322689
324914
325670
326153
324208
322421
327177
325087
325773
328977
325619
326415
323677
325717
322180
323116
325659
323176
326643
324415
325851
327659
322583
322013
323556
325931
323684
323930
325001
326473
321947
326044
323627
326059
322271
323448
324464
322825
326815
325569
324251
322783
326808
325822
322614
322318
327567
325164
327568
322036
327624
325557
324531
322823
327511
326089
323157
322529
328971
327747
322497
326127
327356
325354
324425
322117
324060
325633
327695
326673
326398
322575
323423
323084
325281
325505
325969
325371
327169
326548
325098
327155
328948
327327
325455
323614
324852
324032
322709
324481
324605
324804
324575
321505
327195
324526
321536
326559
326961
324902
326597
322978
324146
322226
326698
326459
325227
323791
326699
324138
321753
326623
323848
327305
324293
327098
323219
324589
326679
326757
326742
325850
324287
321794
326448
326986
326715
324057
324628
325330
325867
321614
325055
321466
325810
321484
323971
325778
324790
326520
327264
326995
324842
329610
323440
321968
327725
327216
323458
321848
323250
328959
325618
324854
327490
322085
322282
321744
323694
321843
329071
321682
323393
321814
323792
324934
323111
321661
327152
326406
326866
321493
326117
326133
322465
322432
326035
323210
321613
327601
321409
327010
325327
321423
324703
324748
327100
322437
324951
324765
321644
327410
324502
321445
324474
324528
327127
325644
325257
325181
324265
327489
327816
327455
327449
321829
325439
323761
323155
322792
323263
323292
325624
322769
321395
321842
327469
323673
323716
323450
324161
326682
323731
323781
327608
321974
322921
321953
325764
323120
326003
325712
325423
327051
323596
323552
326158
324773
322352
322586
326508
323846
322651
326732
326963
324725
325145
324237
323600
323404
321876
324794
322863
325115
322381
323054
323376
327612
322011
323496
322748
323482
321802
325151
324242
326243
328950
324710
327231
323742
324890
324635
322147
323828
324387
327819
326421
323809
328902
322447
327775
322929
328793
325305
322523
325292
321850
321920
322379
321485
326630
325780
322801
321852
321731
321526
326137
328922
327780
323841
322833
322742
324948
325539
324977
323962
325415
325710
329709
322722
325497
324151
323168
324912
323001
323184
321500
325097
323160
325731
327329
325211
323318
323196
324889
324398
322639
325625
324675
324778
325232
326705
321504
322996
324298
325535
325238
323100
322496
323081
325914
327558
325578
326065
326574
327723
322414
324569
322836
324123
324269
326540
327438
325067
324824
324071
325884
322830
324354
325984
329690
327226
325138
322758
322615
323060
322952
325021
322634
322446
327221
325491
325473
325538
325555
323540
323518
325387
325476
321578
325571
322458
322944
325516
323553
322291
322977
323216
326588
326442
327769
324506
327149
322313
325173
325447
322990
325263
325748
323756
322610
323254
326191
323692
325925
322515
325277
327089
321628
325298
327807
327071
326913
323793
322878
326155
327475
327326
324426
324483
326610
327334
328954
325003
324355
324895
325961
326709
327446
326236
325056
324856
322732
322023
326555
322883
322731
327561
325393
323624
327272
326599
325823
323195
325252
324844
322985
326545
323230
327519
325812
323892
325669
326892
326222
323101
325854
325864
325390
324644
324513
322636
326200
326036
324302
322061
322067
323061
326152
325072
321990
327595
324316
323337
327243
321783
327291
323522
325755
322668
323562
325776
323270
325648
326049
325919
322829
322051
322107
322259
323361
323042
325023
326628
324198
323795
325967
322326
322971
328833
327230
325280
322334
327482
323576
324904
321954
323150
321927
322347
326681
327052
324849
328929
324471
323831
326768
325771
323993
322012
322891
325981
327660
322068
325704
326115
322439
321577
328970
326509
324215
327361
324226
323436
322044
326074
322174
326967
325813
324920
326644
323386
322209
325359
324759
324336
327582
325835
324210
326401
324933
327371
326534
327571
325378
324297
321963
326721
321946
324307
322565
327178
325586
322022
321762
325875
327278
329636
321704
321548
323628
323008
325053
322618
326693
326203
327355
329692
327818
326018
324189
326772
324228
324455
325572
322766
327421
326814
324686
324067
323422
325321
323456
323723
325939
327267
327324
327295
326387
322574
322197
322463
324098
324253
322735
323488
322142
323106
322390
327526
327525
322687
324567
324519
324128
323862
322258
326675
328979
322843
323053
322220
329087
325406
324174
321679
328985
325588
326119
324617
321686
325228
324051
321667
321529
324772
327147
321510
325112
326511
325845
326058
326728
323445
323213
326514
327467
327750
324721
323202
325076
325993
324034
321915
324576
327478
327141
326135
321619
321986
325553
326930
325921
321567
322357
327084
327253
324285
322289
322060
324862
323513
326956
322141
327753
327756
323266
329688
322785
321681
321769
321999
322798
327244
321633
323295
321766
326687
323367
323744
322122
321771
325432
327345
323027
325484
327057
325332
323665
325977
323451
325805
321873
322225
328593
327156
321871
325329
321819
327577
324656
327589
327047
323969
321558
324838
325027
327144
321617
322600
324965
327669
327652
322718
326802
326880
327015
321419
323074
326414
327617
326609
327650
324407
321403
325460
324348
327785
325425
325422
323669
322252
325604
321519
323747
323770
328931
325275
322161
329031
328941
326195
324698
324840
322549
322612
321486
322661
326776
322913
325924
326770
323144
327297
325122
322623
322858
325796
323065
325189
322902
325070
327109
325759
325907
323354
324645
324172
324579
324614
324882
321501
325212
323346
326988
324860
324670
328767
324370
323632
323808
322163
322038
327503
322083
326380
323918
326160
321738
327706
324094
321683
323840
327097
322206
323396
324562
322127
328889
323782
322104
323311
325370
322375
327506
323532
325815
323225
326189
324385
332605
326378
322330
321494
321444
327198
329701
326145
322635
325249
323093
326164
325266
324745
324154
325231
325314
328764
325479
324538
322183
323024
326708
325942
323721
324755
325201
327431
327293
324421
322165
327777
323915
326418
326575
327370
327374
325400
322359
326546
327403
326572
327453
326875
327413
322784
327306
330882
327321
325024
322851
322754
322957
323317
321973
327483
322770
326910
327354
326662
322951
323079
324085
323631
325945
324520
324529
323010
326543
324112
326466
321880
325133
323704
324137
326898
327249
326734
327634
325972
327318
323757
325662
327094
321834
326887
322236
322459
326777
327191
325514
325727
325878
325668
326221
324451
328744
325444
324749
324044
326214
325412
326916
321656
322169
323650
323377
325749
326230
327188
327113
321527
323203
324055
323970
322135
322860
323902
326810
325170
327626
325770
325259
326667
324964
327220
322802
325186
327103
324559
324120
326004
326013
322979
325184
321750
322321
327767
322551
325923
323119
323708
321703
323175
324400
326964
323351
328900
328901
324667
322440
322392
323603
325438
324735
323709
325377
323588
325781
324580
326804
328969
321845
323086
324996
322708
327803
326830
326847
327751
325936
323978
322063
322069
322805
324652
322946
327250
327738
323405
325095
322140
321482
323255
321422
321420
323005
323378
325885
327214
322272
325300
325286
322243
322538
328952
326870
323288
321807
327639
327179
325820
323390
328754
328837
321740
327580
324512
326454
324680
323938
327044
325396
323887
326592
321668
324462
324216
326853
323956
321543
327825
327789
325784
323705
327642
324232
326854
325054
324414
323332
326899
326717
321707
327274
327605
325513
326252
